2000	00	4.013412727806185
2000	01	3.9175722476899435
2000	02	3.862392989356781
2000	03	3.8400880319829875
2000	04	3.7953154174772488
2000	05	3.7719377967782317
2000	06	3.7858123982467156
2000	07	3.683414194114639
2000	08	3.641949096983797
2000	09	3.6695084206396515
2000	10	3.7483247022770527
2000	11	3.9926376368279977
2000	12	4.479561860460449
2000	13	5.005157857430688
2000	14	5.5562894670991
2000	15	5.973529397239302
2000	16	6.100046422045537
2000	17	6.0025184353801775
2000	18	5.719697125634054
2000	19	5.4317201601146765
2000	20	5.224237826796172
2000	21	4.889256725191734
2000	22	4.561294680416336
2000	23	4.245913854437081
2001	00	3.7348701729377662
2001	01	3.6327418804939167
2001	02	3.581185510754825
2001	03	3.5228096439101395
2001	04	3.496928657194318
2001	05	3.471992699349183
2001	06	3.4587361759614597
2001	07	3.374811885153573
2001	08	3.3362210854647563
2001	09	3.386982304545206
2001	10	3.481607142857147
2001	11	3.74501736277845
2001	12	4.26015945755402
2001	13	4.79500079923274
2001	14	5.3642960951929215
2001	15	5.768971959769914
2001	16	5.846007650860976
2001	17	5.681495452980371
2001	18	5.423594111684341
2001	19	5.108960532124083
2001	20	4.8461051925685465
2001	21	4.535268371228172
2001	22	4.227205031595813
2001	23	3.936216363142162
2002	00	3.4547362179024037
2002	01	3.376212314225057
2002	02	3.3226139531624623
2002	03	3.290589694060025
2002	04	3.2728470228608515
2002	05	3.230747740682077
2002	06	3.2331539373114406
2002	07	3.1365067288749606
2002	08	3.1058832684043542
2002	09	3.1451091597761542
2002	10	3.2086860102584702
2002	11	3.446702470790261
2002	12	3.898279773354526
2002	13	4.358389444125734
2002	14	4.827494549169297
2002	15	5.176728527607372
2002	16	5.266229798470888
2002	17	5.1153784453470355
2002	18	4.880851929039809
2002	19	4.6215949684770905
2002	20	4.420818631986747
2002	21	4.175069192570175
2002	22	3.8867322185527797
2002	23	3.6484386907815805
2003	00	3.545215826012807
2003	01	3.439593342529896
2003	02	3.3694702813667248
2003	03	3.307733854846656
2003	04	3.2533912942123844
2003	05	3.209315265528591
2003	06	3.210237427864792
2003	07	3.098873158201106
2003	08	3.0742176466215674
2003	09	3.097618426030012
2003	10	3.1619518056914324
2003	11	3.3519436574111507
2003	12	3.8026698024147434
2003	13	4.288659152533357
2003	14	4.819810795174528
2003	15	5.235456037666575
2003	16	5.307885229169031
2003	17	5.217373994572989
2003	18	5.0380691542155125
2003	19	4.7928732651395105
2003	20	4.539085340868576
2003	21	4.2924637176177445
2003	22	4.028757075533787
2003	23	3.764649374588542
2004	00	3.318587258954272
2004	01	3.2395208582157777
2004	02	3.1952856033478554
2004	03	3.147479887003779
2004	04	3.090314688902446
2004	05	3.034551417324145
2004	06	3.0257412879843857
2004	07	2.9619635742123673
2004	08	2.976170784769944
2004	09	3.0139027855653575
2004	10	3.044395999112834
2004	11	3.2595400045162353
2004	12	3.6572638615191653
2004	13	4.135134856963319
2004	14	4.66069821787368
2004	15	5.0584104275424515
2004	16	5.144020661703156
2004	17	5.024562462943846
2004	18	4.829953008032346
2004	19	4.580610953263106
2004	20	4.325937682192137
2004	21	4.076632791801242
2004	22	3.7976227104852667
2004	23	3.5424530476787863
2005	00	3.367907030311673
2005	01	3.273924478263981
2005	02	3.2217562579655654
2005	03	3.1965657054165937
2005	04	3.1452575139290015
2005	05	3.0948615278163807
2005	06	3.1027192413219975
2005	07	3.048381794984656
2005	08	3.0395785666635478
2005	09	3.0788407487641005
2005	10	3.1369988507271422
2005	11	3.381384393454452
2005	12	3.773032752997383
2005	13	4.251800395837612
2005	14	4.784324777253305
2005	15	5.129727994593683
2005	16	5.163984708843091
2005	17	5.038179746650728
2005	18	4.8858668439993735
2005	19	4.618285257122541
2005	20	4.3659433540125665
2005	21	4.118623114250822
2005	22	3.8328310642546097
2005	23	3.565064790371184
2006	00	2.9710624519503366
2006	01	2.8839594813340144
2006	02	2.844741748122979
2006	03	2.800877481817828
2006	04	2.783312290872868
2006	05	2.7192954395851996
2006	06	2.676566424743332
2006	07	2.6103339789801985
2006	08	2.60157015684613
2006	09	2.661016543478647
2006	10	2.6932777485325574
2006	11	2.868484872969893
2006	12	3.2374727244848707
2006	13	3.6187371724534074
2006	14	4.0849861730572234
2006	15	4.381461571737571
2006	16	4.4978736411084626
2006	17	4.416935520933879
2006	18	4.262326397822727
2006	19	4.054589748254624
2006	20	3.8209702872851383
2006	21	3.5864285110579046
2006	22	3.356497918036389
2006	23	3.1385086886415707
2007	00	2.821891512572629
2007	01	2.7345499111740823
2007	02	2.68527714180729
2007	03	2.6709964648823847
2007	04	2.6111285805255493
2007	05	2.588385169057237
2007	06	2.584005763688768
2007	07	2.5238510260378924
2007	08	2.509375864971279
2007	09	2.560567866483574
2007	10	2.587642003749135
2007	11	2.7721991725155415
2007	12	3.1122409314981496
2007	13	3.4851645549536583
2007	14	3.9416132957785193
2007	15	4.222344990222028
2007	16	4.278944889307595
2007	17	4.1754433568034885
2007	18	4.02572108389395
2007	19	3.8268796821793494
2007	20	3.6056430809178495
2007	21	3.4223123082628253
2007	22	3.1984239483651287
2007	23	3.0033653926945054
2008	00	2.7154734658209203
2008	01	2.5945041280317453
2008	02	2.5232998585825936
2008	03	2.54717610413134
2008	04	2.5009348878794495
2008	05	2.4697381123675544
2008	06	2.527506988658039
2008	07	2.476080160222736
2008	08	2.510111043714818
2008	09	2.5378165912335446
2008	10	2.4968322680553987
2008	11	2.7403937726678254
2008	12	3.065815891181034
2008	13	3.3339556052571426
2008	14	3.731626937843223
2008	15	3.9801999132405865
2008	16	4.039252713405691
2008	17	3.9566737926876048
2008	18	3.9026151249893783
2008	19	3.7474612819831368
2008	20	3.524955773512245
2008	21	3.2754981840772204
2008	22	3.047868299112005
2008	23	2.852759023089094
2009	00	2.237490371380597
2009	01	2.1465121015216857
2009	02	2.1021144058139902
2009	03	2.071348205500006
2009	04	2.0111115351831175
2009	05	1.9934061189645826
2009	06	2.059359175150095
2009	07	1.9984459512424344
2009	08	2.0306076734568874
2009	09	2.083813058774172
2009	10	2.145888476589714
2009	11	2.282292699472947
2009	12	2.495191895474857
2009	13	2.742669568880788
2009	14	3.047222723174037
2009	15	3.259527465194788
2009	16	3.347979212161672
2009	17	3.3577294935760045
2009	18	3.361015703566189
2009	19	3.3312197032442943
2009	20	3.1282684541458083
2009	21	2.929309260870409
2009	22	2.688748327531224
2009	23	2.3985260254561194
2010	00	2.1195271937490268
2010	01	1.9686504778357898
2010	02	1.9013873935439702
2010	03	1.8510322779699628
2010	04	1.865174697861781
2010	05	1.8388564543293957
2010	06	1.9346284536356617
2010	07	1.8829121828085502
2010	08	1.9023368789726234
2010	09	1.9764036906761817
2010	10	2.042066738289085
2010	11	2.214908754723041
2010	12	2.4359205109435056
2010	13	2.614679429317286
2010	14	2.903334556462695
2010	15	3.1261214728533973
2010	16	3.2026185173190878
2010	17	3.1875559274902865
2010	18	3.078318633324811
2010	19	2.92470472440944
2010	20	2.9076256622763417
2010	21	2.723298456371496
2010	22	2.553246259765178
2010	23	2.26771633779974
2011	00	1.6967148505617797
2011	01	1.6498325394223317
2011	02	1.627149761546575
2011	03	1.617646137991301
2011	04	1.6108800030852397
2011	05	1.5792501798573133
2011	06	1.6371646903820718
2011	07	1.5973778180461462
2011	08	1.6146002159237112
2011	09	1.6656915877967389
2011	10	1.6811540254292003
2011	11	1.770712309589666
2011	12	1.927806485684282
2011	13	2.1156768401228003
2011	14	2.3362197035291348
2011	15	2.5107224439426483
2011	16	2.5478298525677547
2011	17	2.500551571619243
2011	18	2.4164712705850055
2011	19	2.2964940120342203
2011	20	2.176819497353982
2011	21	2.055619463345741
2011	22	1.923441050159042
2011	23	1.7904220197573741
2012	00	1.4648436656483517
2012	01	1.4285184806502653
2012	02	1.401864830005012
2012	03	1.4018396905945365
2012	04	1.426289750391506
2012	05	1.4062406433407009
2012	06	1.4429977916819978
2012	07	1.4086402865337029
2012	08	1.4243708900740384
2012	09	1.4618923707592553
2012	10	1.5079077217184669
2012	11	1.6309385062125952
2012	12	1.8099453530273641
2012	13	1.9429862220767602
2012	14	2.139748442322243
2012	15	2.285551063912747
2012	16	2.3400275881813237
2012	17	2.3101754499967395
2012	18	2.26690825628757
2012	19	2.087067758060156
2012	20	1.987551123599095
2012	21	1.8657399773759906
2012	22	1.7667398190908699
2012	23	1.5793049947540745
2013	00	1.2527000879507428
2013	01	1.2025871332313518
2013	02	1.1924151007364494
2013	03	1.1795428255616636
2013	04	1.1842932235953507
2013	05	1.1683364690094258
2013	06	1.1958692127783948
2013	07	1.178060220414583
2013	08	1.1929254302103196
2013	09	1.2040983024362477
2013	10	1.2457332292293253
2013	11	1.3217554359188757
2013	12	1.4512994416537939
2013	13	1.574953217672614
2013	14	1.761373459158089
2013	15	1.9043599281682784
2013	16	1.9715132559214785
2013	17	1.9709681971545352
2013	18	1.9222555170783315
2013	19	1.8600714281175077
2013	20	1.7720747208739336
2013	21	1.638537932952768
2013	22	1.4737913006321515
2013	23	1.3541507867627574
2014	00	1.1920152859804745
2014	01	1.1690019395249713
2014	02	1.1434222154887221
2014	03	1.139364015220145
2014	04	1.114495101540968
2014	05	1.1229680253844216
2014	06	1.1334946486737978
2014	07	1.1184288206536492
2014	08	1.1383539488665702
2014	09	1.158189685932821
2014	10	1.1794737759191416
2014	11	1.2621828507124784
2014	12	1.3910911674226987
2014	13	1.5570356892038526
2014	14	1.7771285765747153
2014	15	1.917450270664363
2014	16	1.9453314740572774
2014	17	1.9555757528877775
2014	18	1.9281454274596392
2014	19	1.86831749602203
2014	20	1.7751142046394353
2014	21	1.6323892704353036
2014	22	1.4653710582170956
2014	23	1.2965839039471871
2015	00	1.023487395756165
2015	01	0.9784265445059563
2015	02	0.9863694767423539
2015	03	0.9868232063876592
2015	04	0.9597713097713184
2015	05	0.9504091794472987
2015	06	0.9730821104334058
2015	07	0.9589956141509791
2015	08	0.9895111594428158
2015	09	1.017008154149791
2015	10	1.027321814254865
2015	11	1.076150132153982
2015	12	1.1605995731321255
2015	13	1.2776001687321386
2015	14	1.4686753199881275
2015	15	1.6329856424100975
2015	16	1.6780443519726898
2015	17	1.6300293576797649
2015	18	1.615841405953697
2015	19	1.551268117100231
2015	20	1.5198874164568745
2015	21	1.4413534741667773
2015	22	1.2873832455369254
2015	23	1.124290662259624
2016	00	0.8715040060564135
2016	01	0.8364609439936171
2016	02	0.8314728330402773
2016	03	0.8225096203181235
2016	04	0.8306403137894276
2016	05	0.8542539501439541
2016	06	0.8633994987063455
2016	07	0.80970218968431
2016	08	0.869453472348622
2016	09	0.8978608089224468
2016	10	0.9211320194053149
2016	11	0.978963713631922
2016	12	1.0538856095277818
2016	13	1.1610225170632178
2016	14	1.2689476932572197
2016	15	1.3628337867632845
2016	16	1.3883534679939415
2016	17	1.4128216849628128
2016	18	1.4152233866519552
2016	19	1.3914372014610887
2016	20	1.3277181135506742
2016	21	1.2198011956156565
2016	22	1.0886040011861053
2016	23	0.9638135117580042
2017	00	0.9038487240048444
2017	01	0.8810524543137126
2017	02	0.8684778021241064
2017	03	0.8464902738300001
2017	04	0.8440222059897802
2017	05	0.8269767836679349
2017	06	0.8632089093123501
2017	07	0.8349400572263435
2017	08	0.8389650304665675
2017	09	0.8471618464895192
2017	10	0.8709869560606663
2017	11	0.9413274309991392
2017	12	1.0249608726861985
2017	13	1.1625731742798902
2017	14	1.2534854023150057
2017	15	1.3649176954732452
2017	16	1.4218203432122554
2017	17	1.420568493070165
2017	18	1.396627902203295
2017	19	1.3507845401836216
2017	20	1.2785851360781557
2017	21	1.1914339749225027
2017	22	1.093000213267546
2017	23	0.9866404126940315
2018	00	0.8651414440907029
2018	01	0.824679265175531
2018	02	0.8322327274504121
2018	03	0.8267356037151772
2018	04	0.8058439379629272
2018	05	0.7916529253109461
2018	06	0.8174228039699033
2018	07	0.7804272354599152
2018	08	0.7877793931732029
2018	09	0.7759287563554751
2018	10	0.80189910127917
2018	11	0.8649738019008538
2018	12	0.9316103836434594
2018	13	1.0306569522731157
2018	14	1.1358413419966764
2018	15	1.2281321453424605
2018	16	1.2510624273214932
2018	17	1.280280047398342
2018	18	1.2757764628045833
2018	19	1.2410331881110104
2018	20	1.2178068619656115
2018	21	1.1059303295913347
2018	22	1.0161820727777415
2018	23	0.9166270135103932
2019	00	0.786060939457844
2019	01	0.7484391189716595
2019	02	0.7512055226662896
2019	03	0.7680412585738583
2019	04	0.7641807745705503
2019	05	0.7852688885086064
2019	06	0.7739760883575243
2019	07	0.7824333649616209
2019	08	0.7628039096558346
2019	09	0.7472774596564316
2019	10	0.7538325731940597
2019	11	0.7795987999915541
2019	12	0.8288068460167454
2019	13	0.8928257019460866
2019	14	0.9668182622360545
2019	15	1.0135067465638645
2019	16	1.0313728370706974
2019	17	1.0303292585925434
2019	18	1.010060441850771
2019	19	1.0198743167136024
2019	20	0.9709167327681287
2019	21	0.937276393977652
2019	22	0.8804827855864061
2019	23	0.8307481209936762
