1980	9.203989181921086
1981	9.015014872384324
1982	8.484320671156196
1983	8.414570805993414
1984	8.74103659266761
1985	8.26768406065526
1986	8.058753547150582
1987	7.722208363518435
1988	7.732142661511996
1989	7.563435987748201
1990	7.188797205417219
1991	7.130871515113674
1992	6.521118378907771
1993	6.577666831702554
1994	6.353446523996419
1995	5.204043472210353
1996	5.070612659674693
1997	5.02310347165374
1998	4.985214770249402
1999	4.861743518065083
2000	4.535182941461012
2001	4.247874004072693
2002	3.8933909508473645
2003	3.9258854765534172
2004	3.7548607947690695
2005	3.815849615977331
2006	3.314454956530466
2007	3.1636346517305722
2008	3.044835555793483
2009	2.5518466683073187
2010	2.3922644771310195
2011	1.9312560201207594
2012	1.7412721636398183
2013	1.4664684749820436
2014	1.4336303759062088
2015	1.222512722208522
2016	1.0609603992522219
2017	1.055910299092617
2018	0.9766315774207542
2019	0.8593702226147428
